32025007
31554928
32434734
31839405
32747759
31852401
31680297
32161209
32555469
32733532
31760161
31919425
33243990
32169215
32123317
32358566
32220894
32398749
32329777
32046981
32024854
31943118
32024661
32170079
32332745
32086391
32506598
32188845
31900416
32651222
31911672
32530556
31911676
31695164
32252787
32929887
32245946
32479602
32913098
31778749
32408514
32788667
33257563
32606006
32432721
31782550
32753690
32781045
31951832
32024662
31685543
32041821
32008165
31532701
32546682
32122925
32444635
32017898
32541953
32703943
32321912
32259207
32103257
32225167
32652016
31121301
33272210
32439063
32813009
32502143
31802121
32589925
32139718
30926533
32276354
32647108
33168820
31554654
32188628
31960379
32293520
33317061
31728971
32054782
32446329
32059760
33425250
32461551
32532995
32939931
32315392
32955563
32079122
32516569
32708427
32099593
33345702
32286627
32534106
31886566
31854126
33196647
33023248
33035235
32536962
32323860
32807990
32293250
32270540
32211685
32901005
32000679
31950978
31755218
31810980
32597815
32484809
33261131
32098099
32989253
31949199
32170460
31834368
32000661
32733531
32898151
31802105
31808724
32883701
33453965
33149122
32624538
32413498
33020180
31728960
33085989
33317029
32504555
33115878
32616122
32534173
32601440
31943857
33289700
32560282
33067945
32746857
33377032
33335900
33183009
31949277
32697765
32379494
31403184
32046653
32460957
32066774
31959105
32178699
32241834
32586292
32124385
33318303
32415117
32675111
32170151
32302342
31894398
32039631
31690707
32749457
32349372
33283742
33340629
33178596
32752101
32664474
31939186
32906196
32735620
32296879
31690990
32915882
32407311
32265287
33142748
31206189
32224443
33020551
32238481
32532357
33178585
31728975
32399566
31972288
31493517
32926128
31794005
32183735
31974522
32784445
32153641
32123040
32197362
33256615
32911621
32393171
32399680
32244944
33196096
33364047
33102649
32943706
31827253
31660686
32396842
33184471
33099301
32220641
32820322
31802123
33111067
32562050
31923512
32467309
33375933
31654038
32619248
32273884
32314836
33172478
33127752
32060173
32503434
32491251
32246828
32093146
31175976
33352659
31906285
33013468
32586276
32818388
32555718
32221814
32085510
33287830
31919642
33148278
32345215
32214788
32547599
32760422
32628740
32532877
32206209
32807178
33079938
32211025
32005145
33371894
32714656
32195992
31862361
32597758
32619247
33288642
31863578
32063918
31894266
31986311
33207694
32554554
32225139
31596482
32913912
33135169
32415063
32151242
32796083
33043636
31200028
32183712
32449925
31837836
33096183
31373611
33062405
32977426
31768612
32503430
33130397
32693148
32597037
32044993
33096920
31566069
33105605
32034090
32075093
31745603
32849842
32200451
31089205
33085660
31728964
31713628
31501299
33239457
32343011
32311412
32405436
31857423
33281863
32472550
32160415
31794640
32431071
31250189
32199022
32008463
32954964
31935509
33203444
31981701
32938399
33093587
33206683
31852722
32503257
32041113
31894400
31948405
32793282
32640978
32889059
32736699
32283279
32241262
31237701
32170163
33119058
31669702
31961688
32345744
32811430
32509454
32204435
32658870
32175379
32428048
32381505
32864223
32095320
32070763
32769119
32256528
32353999
32998846
32763492
31478201
32317724
32754263
33113357
31521835
32257051
32160106
32668742
31721164
33253518
33042276
31914974
32984057
31851607
31566065
31871131
33117720
32971786
32083129
32303634
32534132
31792732
32545766
31747015
33230114
32316519
32168916
32041578
33122078
33378974
32030318
32222271
31598696
32600268
32213968
32184412
31863587
32463444
32068834
31906439
32040759
32966858
32942673
32934261
31922588
31625632
31728976
32446918
32278698
32573125
33224878
32243451
33085104
31955651
31821873
33250922
32621609
32163759
32641407
32735645
32931715
32772263
32587399
32788070
32984260
32354376
32659759
32245109
32820253
31959122
33216745
31936561
31922587
31476685
32721576
32913219
32741062
32370790
32188023
32003498
32915994
32669611
32116123
31504197
31833030
31909520
33304389
32290199
33111422
32354323
31811885
32516991
32093271
31942680
32000686
32866160
32040734
32817222
32245418
32825779
33424910
32817456
32762732
32314454
32180803
32221918
29994455
32545483
32408545
32851780
32421721
31999011
32097478
32067438
31978074
33575639
32101404
32796695
31273344
32560708
32977773
33443097
32524299
32865117
32287265
31669640
32640305
32448144
32880751
32819190
32943010
33509782
32588992
32905827
32810572
32333190
31600844
32471306
33064591
32294086
33037172
32817123
32747477
31733857
32047561
33173532
31950147
31917219
32431595
32779509
32211018
32561656
32353932
32427851
33083151
32429229
32817072
32143579
32219019
33249832
32133419
33426149
32198546
32565967
31988806
32070750
32992916
32576660
32787464
32763828
32134974
32449429
32927055
31793730
32413970
32349124
32060018
32443580
33274830
32882647
32124492
32117422
32776513
33319913
32244027
32640014
32681510
33304235
32150510
32471280
33552257
33194378
32935393
32043367
32038717
32984314
33100268
32949230
32216748
32213542
31991023
33328525
33196842
32500601
33110419
32881645
31793735
32102773
32819282
33247464
33330502
32793502
33148170
32958497
32234480
31853289
33011440
33184696
32761968
33147782
33203033
32371107
33004865
32905541
33061940
31988245
31782267
32616519
33293698
32396327
31989566
33093004
33000283
32523863
33109081
31811601
31722250
32175076
32788940
31790973
32346860
32445587
33073477
32398235
33575575
33453863
33292320
33060827
32814086
32640236
32926955
31765715
32719950
33411682
31997113
32560659
32333448
32300345
32751504
31421289
32238740
33140241
33319931
33126184
32402482
31250882
32325768
32527007
33543041
32659723
33348896
32321568
32973040
32027246
33255998
32131728
32122521
32683393
32633083
32219017
33335958
32009100
32226440
32010427
32624547
33310817
32781570
32160292
32769136
33376781
31964396
32637445
31128237
32250043
32103605
32879441
31869634
32994520
31660661
32502396
32050959
32841912
31815296
33408735
32132098
32655510
32521264
33313367
32588564
32562828
32582286
33380778
32034629
33332743
32547065
32735081
33315321
31626987
32422275
32978268
32220234
32950605
32730804
32471067
33050987
32154057
31778606
33040078
33159038
33114685
33231834
33304379
32880830
32422351
31240697
32615049
32792493
33140569
32543332
33058325
32295905
33040300
33361112
31733823
32660935
32847866
33335838
33050904
32460700
31657869
32071816
32047267
32091665
31548225
32530085
31973102
32528510
33047900
32163388
32373210
32735361
33376132
32703884
32627826
32640569
32082341
33253324
31999931
32346127
32671994
32987329
32303790
32770663
33159949
33159495
33335899
32796212
32329191
32660590
33292571
33092578
32692164
33330659
32895448
31855248
32117458
33297579
33245593
32325489
33172898
33322625
32627976
32728489
32123031
33038984
31728972
32719099
32075758
32211550
33060765
32565674
32880949
32842619
33369170
32126152
33370716
33133095
33357440
32244552
32201916
31552406
31911496
32103237
32211029
32879944
32095321
32698886
31733123
32687482
32406332
33458077
32706768
32704143
33347700
33238574
31937263
33334306
32116712
32328471
33091126
32647069
32841070
33457946
32827448
32335878
31903983
32051529
33024035
32047265
33575615
32812322
32151779
32094512
32179590
33006711
32393760
32423416
32229172
32543079
32394213
32652832
31628150
33217308
32680979
32184806
31931956
33200847
32430504
33193583
32467669
33069932
33333735
32637358
32849764
33053361
32769981
33134519
33221945
33188183
33206370
32064040
33266296
33229216
32016412
32126153
33241484
32536134
32372306
31950241
33153070
31692235
33293830
32470086
33134517
32447468
32154044
32991954
33193538
32677805
31794024
31502677
33341408
32707643
32795937
33086735
33268793
33169436
31859615
33303918
32399193
32522261
32100139
32292771
32369637
32412585
32081131
32721879
33473366
32770655
32911578
32584579
31557081
33244150
32728184
31726270
33377034
32698759
31991793
32635460
32218803
32601550
32863954
32889144
31730716
30797980
31709745
32413477
32217695
32024835
32948218
33330132
32855364
32238924
32589243
32021873
32560294
32176770
32366965
32677712
32803813
33321114
33333221
31232449
31704313
32884448
31932101
33152422
32913495
32997158
32472455
32174975
32802955
31273093
33220459
32668095
32580238
33214226
31974312
33193674
32676599
32596946
32267853
32284139
32698641
32691986
33094873
32082406
32222963
32392816
33264518
32666379
31599023
32571425
32783288
33330860
33079954
33364810
33101378
33052780
31529753
32698871
33168984
32993015
32482918
32041641
31605445
33251885
32132204
32819427
33352068
31899106
33215304
32962015
33061943
33335841
32207550
31659415
33025479
31916078
32198182
32319008
32025019
32916171
32020230
31945455
32881472
32964032
32330603
33137393
32044032
32918542
32216767
32399473
32899784
31421288
31840280
32168745
33093614
32635213
32259893
32819890
32747562
32299109
32955251
33298018
32048245
32461655
32862205
32597296
32846122
32041604
32537942
32873259
32688058
32424284
32319184
32028041
32547421
31721179
32725309
32750050
33112498
31407403
32062370
32143506
33329665
32871307
31704776
32578940
33117197
32245489
33095786
32413971
32052252
33087535
32200544
31173389
32471035
32322039
32931148
32962255
32660426
32818017
33244646
32669614
33234588
32755029
33128014
32917140
32985313
32686621
32299028
33141049
32891005
30761474
33269542
32676665
32215729
32184808
33387563
32236489
32968092
32812185
32126783
32073743
31961910
32929737
33136338
31745726
33288880
32869858
33098866
33345454
32785662
31501240
32581359
32664916
32412780
33378985
32564428
32669373
32201331
32901138
32440658
32847043
33048476
33568340
31696999
33313120
32616363
32713535
31940828
32448269
32071926
33059616
32503154
32220196
32669854
31937552
32911884
32244758
31677916
33144140
32274095
32447930
33184947
32805445
32829589
33260757
32470406
33008068
32832252
32284880
32774853
31857233
32556881
31981002
32575906
32430276
30797549
32647378
33037392
30963559
32487321
32843720
30922925
32638197
33212507
32996714
32561291
33048237
32503462
32560581
31961902
32637632
32920601
32964524
32219160
32019420
32152250
33247772
31629629
32277154
32553196
32913073
32103185
33131106